68023366
69219064
67777833
69017972
68136196
68496324
68362334
68386192
68897732
68419292
68901038
68897716
68506893
67847547
68989188
66753787
69190163
67909144
68058529
66754800
68343006
69074414
69048644
67630985
69206742
69110171
68879768
68065253
69127181
68955302
69110142
68916694
69095898
69197933
69234255
69279738
69300671
67666723
69014863
69311919
69332852
69339091
69383271
69230354
69387937
69124153
18552824
69369985
69013420
67413418
69239743
67675196
69455363
69491209
